1C060001 00000000
08060001 00000000
1C060101 00000002
08060101 00000000
1C060201 00000002
08060201 00000000
1C100301 00000002
08100301 00000000
1C060401 00000002
08060401 00000000
1C060501 00000002
08060501 00000000
1C060601 00000002
08060601 00000000
000C0701 0000000B
000D0701 0000000B
000E0701 0000000B
1B100701 00000008
07100701 00000000
1B060601 00000002
07060601 00000000
15060501 00000001
01060501 00000000
1B100F01 00000000
07100F01 00000000
1B060E01 00000002
07060E01 00000000
1B060D01 00000002
07060D01 00000000
1B060C01 00000002
07060C01 00000000
1B100B01 00000002
07100B01 00000000
1B060A01 00000002
07060A01 00000000
1B060901 00000002
07060901 00000000
1B060801 00000002
07060801 00000000
000B0701 00000006
07070605 00000001
1E070505 00000000
0A070505 00000000
00050506 00000008
00040506 00000008
15070505 00000003
01070505 00000000
15070504 00000002
01070504 00000000
15070503 00000002
01070503 00000000
15070502 00000002
01070502 00000000
15070501 00000002
01070501 00000000
14070506 00000003
00070506 00000000
00040606 00000003
1C070606 00000003
08070606 00000000
1C110706 00000002
08110706 00000000
1C070806 00000002
08070806 00000000
1C070906 00000002
08070906 00000000
1C070A06 00000002
08070A06 00000000
1A110B06 00000002
06110B06 00000000
1C110B07 00000000
08110B07 00000000
1C070C07 00000002
08070C07 00000000
00040D07 0000000B
1A070D07 00000003
06070D07 00000000
00040D08 00000004
27070D08 00000003
13070D08 00000000
00040C08 00000012
17070C08 00000003
03070C08 00000000
17110B08 00000002
03110B08 00000000
17070A08 00000002
03070A08 00000000
17070908 00000002
03070908 00000000
17070808 00000002
03070808 00000000
17110708 00000002
03110708 00000000
00040608 00000002
1D070608 00000003
09070608 00000000
23070607 00000001
0F070607 00000000
00040507 0000000E
19070507 00000003
05070507 00000000
19070506 00000001
05070506 00000000
00040505 00000005
1E070605 00000000
0A070605 00000000
00050606 00000008
26110701 00000005
12110701 00000000
26110702 00000002
12110702 00000000
26110703 00000002
12110703 00000000
26110704 00000002
12110704 00000000
1B110705 00000000
07110705 00000000
1B070605 00000002
16070D07 00000002
02070D07 00000000
00050D08 00000000
04070C07 00000001
00050D07 00000007
16070C07 00000001
02070C07 00000000
00050C08 00000000
18110701 00000006
04110701 00000000
16070801 00000002
02070801 00000000
16070802 00000001
02070802 00000000
16070803 00000001
02070803 00000000
18070804 00000000
04070804 00000000
18070904 00000001
04070904 00000000
18070A04 00000001
04070A04 00000000
16110B04 00000002
02110B04 00000000
16110B05 00000001
02110B05 00000000
18110B06 00000000
04110B06 00000000
16070C06 00000002
02070C06 00000000
18070C07 00000000
13070607 00000001
00050507 00000012
13070607 00000001
26070507 00000001
12070507 00000000
14070508 00000002
00070508 00000000
00050608 00000003
16110701 00000002
02110701 00000000
17110702 00000000
03110702 00000000
22070602 00000000
0E070602 00000000
1F070603 00000000
0B070603 00000000
1A070503 00000000
06070503 00000000
1A070504 00000001
06070504 00000000
00050505 00000004
1A070505 00000001
06070505 00000000
1C070506 00000000
08070506 00000000
1A070606 00000002
06070606 00000000
27070607 00000000
18070001 00000000
04070001 00000000
18070101 00000001
04070101 00000000
18070201 00000001
04070201 00000000
18110301 00000001
04110301 00000000
18070401 00000001
04070401 00000000
18070501 00000001
04070501 00000000
18070601 00000001
04070601 00000000
00090701 00000007
CF000701 00000001
CD000701 00000001
0B000701 00000002
CC000701 00000001
00030701 00000000
12000701 00000001
13000701 00000000
23000701 00000001
24000701 00000000
58000701 00000001
5B000701 00000018
5C000701 00000018
5D000701 00000018
5F000701 0000000C
61000701 00000000
62000701 00000000
63000701 00000001
6A000701 00000060
6B000701 00000060
70000701 00000060
72000701 00000032
74000701 00000002
75000701 0000001F
76000701 00000064
7B000701 00000000
7C000701 00000001
7D000701 00000000
90000701 00000002
91000701 00000018
92000701 00000064
97000701 00000000
98000701 00000001
99000701 00000000
9E000701 00000002
9F000701 00000018
A0000701 00000064
A5000701 00000004
A6000701 00000001
A7000701 00000000
AC000701 00000004
AD000701 00000004
AE000701 00000001
AF000701 00000001
B0000701 00000001
B1000701 00000001
B2000701 00000001
BB000701 00000060
BC000701 00000000
BD000701 00000001
BE000701 00000001
BF000701 00000001
C8000701 00000060
C9000701 00000000
CA000701 00000001
CB000701 00000001
00000506 00C00000
01000506 48000200
02000506 00000002
00000606 00800000
01000606 48000200
02000606 00000002
00000D07 00800000
01000D07 48000300
02000D07 00000002
00000D08 00800000
01000D08 48000200
02000D08 00000002
00000C08 00800000
01000C08 48000200
02000C08 00000002
00000608 00800000
01000608 48000300
02000608 00000002
00000507 00800000
01000507 48000200
02000507 00000002
00000505 00800000
01000505 48000200
02000505 00000002